0000011100000000000000000000000000111111110000001000010111000000000000000000000000100000000000000000000000000000000011111111111111111111111111111111111111
0000011100000000000000000000000000111111111000000100100110000000000000000000000000011000000000000000000000000000000011111111111111111111111111111111111111
0000111000000000000000000001000000111111110000001111100111000000000000000000000000011000000000000000000000000000000011111111111111111111111111111111111111
0000000001000000100000000000111111111110010000001111100001000000000000100000000000000010001001000000000000000000000001111111111111111111111111111111111111
0000000001000000100000000000111111111110010000111111100001100000001000000000000000000011111111000000000000000011000001111111111111111111111111111111111111
0000000001000000100000000000111111111000001000111111001001110000000100000000000000000011111111000000000000000001110001111111111111111111111111111111111111
0000000001000001100000000000111111111000001100111111001001110000000100000000000000000011111111000000000000000011111111111111111111111111111111111111111111
0000000011000000000000000001111111111000001111111111000111110000000000000000000000000111111111111000000000000111111111111111111111111111111111101111111111
0000000011000010000000000001111111100000001111101111000011110000000000000000000000001111111111111100000000011111111111111111111111111111111110000001111111
0000000011000100000000000001111110000000000111100111000011111000000100000000000000011111111111111111000000111111111111111111111111111111000000000001111111
0000000011111110000000000000111100000001000001111111000011101111000010000000000001111111111111111111111111111111111111111111111111111000000000000011111111
0000000001111110000000000001111100000001100001111111000011110111100010000011101111111111111111111111111111111111111111111111111111110000000000000111111111
0000000001111110000000000000011100000000111111111111110001111111111111111111111111111111111111111111111111111111111111111111111111110000000000001111111111
0000000001111111110000000000011111000000111111111111110111111111111111111111111111111111111111111111111111111111111111111111111111110000000000011111111111
0000000001111111110000000000001110000000011110001011111111111111111111111111111111111111111111111111111111111111111111111111111111111000000000111011111111
0000000000111111101100000000000110000000001110001001111111111111111111111111111111111111111111111111111111111111111111111111111111111000000000000001111111
0000000000111111100000000000000110000000001110000001111111111111111111111111111111111111111111111111111111111111111111111111111111111100000000000001111111
0000000000111111000000000000001111000011001110010011111111111111111111111111111111111111111111111111111111111111111111111111111111110000001111000011111111
0000000001111110000000000000001111100100000011011111111111111111111111111111111111111111111111111111111111111111111111111111111111110000000111111111111111
0000000011111100000000000000001111101100000011111111111111111111111111111111111111111111111111111111111111111111111111111111111111111000000111111111111111
0000000000111110000000000000000111110000000111111111111111111111111111111111111111111111111111111111111111111111111111111111111111111100000111111111111111
0000000000111111100000000000001111110000000111111111111111111111111111111111111111111111111111111111111111111111111111111111111111111100000111111111111111
0000000111111111100000000000011111110000111111111111111111111111111111111111111111111111111111111111111111111111111111111111111111111110001110011111111111
0000000001111111100000000000011111110011111111111111111111111111111111111111111111111111111111111111111111111111111111111111111111111111011111111111111111
0000000000111111111111111110111111111111111111111111111111111111111111111111111111111111111111111111111111111111111111111111111111111111111111111111111111
0000000000011111111111111111111111111111111111111111111111111111111111111111111111111111111111111111111111111111111111111111111111111111111111111111111111
0000000000001111111111111111111111111111111111111111111111111111111111111111111111111111111111111111111111111111111111111111111111111111101111111111111111
0000000000111111111111111111111111111111111111111111111111111111111111111111111111111111111111111111111111111111111111111111111111111111001111111111111111
0000000000111111111111111111111111111111111111111111111111111111111111111111111111111111111111111111111111111111111111111111111111111111111111111111111111
0000000000111111111111111111111111111111111111111111111111111111111111111111111111111111111111111111111111111111111111111111111111111111111111111111111111
0000000001111111111111111111111111111111111111111111111111111111111111111111111111111111111111111111111111111111111111111111111111111111111111111111111111
0000000011111111111111111111111111111111111111111111111111111111111111111111111111111111111111111111111111111111111111111111111111111111111111111111111111
0000000011111111111111111111111111111111111111111111111111111111111111111111111111111111111111111111111111111111111111111111111111111111111111111111111111
0000000011111111111111111111111111111111111111111111111111111111111111111111111111111111111111111111111111111111111111111111111111111111111111111111111111
0000000011111111111111111111111111111111111111111111111111111111111111111111111111111111111111111111111111111111111111111111111111111111111111111111111111
0000000011111111111111111111111111111111111111111111111111111111111111111111111111111111111111111111111111111111111111111111111111111111111111111111111111
0000000011111111111111111111111111111111111111111111111111111111111111111111111111111111111111111111111111111111111111111111111111111111111111111111111111
0000000111111111111111111111111111111111111111111111111111111111111111111111111111111111111111111111111111111111111111111111111111111110011111111111111111
0000000111111111111111111111111111111111111111111111111111111111111111111111111111111111111111111111111111111111111111111111111111111110000111111111111111
0000001111111111111111111111111111111111111111111111111111111111111111111111111111111111111111111111111111111111111111111111111111111111000111111111111111
0000001111111111111111111111111111111111111111111111111111111111111111111111111111111111111111111111111111111111111111111111111111111110010111111111111111
0000001111111111111111111111111111111111111111111111111111111111111111111111111111111111111111111111111111111111111111111111111111111111111111111111111111
0000001111111111111111111111111111111111111111111111111111111111111111111111111111111111111111111111111111111111111111111111111111111111101111111111111111
0000000111111111111111111111111111111111111111111111111111111111111111111111111111111111111111111111111111111111111111111111111111111101001111111111111111
0000000111111111111111111111111111111111111111111111111111111111111111111111111111111111111111111111111111111111111111111111111111000000101111111111111111
0000000111111111111111111111111111111111111111111111111111111111111111111111111111111111111111111111111111111111111111111111111111011001001111111111111111
0000000011111111111111111111111111111111111111111111111111111111111111111111111111111111111111111111111111111111111111111111111111110000001111111111111111
0000000001111111111111111111111111111111111111111111111111111111111111111111111111111111111111111111111111111111111111111111111110010000111111111111111111
0000000000111111111111111111111111111111111111111111111111111111111111111111111111111111111111111111111111111111111111111111111111111000111111111111111111
0000000000111111111111111111111111111111111111111111111111111111111111111111111111111111111111111111111111111111111111111111111111100001111111111111111111
0000000000111111111111111111111111111111111111111111111111111111111111111111111111111111111111111111111111111111111111111111111111110011111111111111111111
0000000000111111111111111111111111111111111111111111111111111111111111111111111111111111111111111111111111111111111111111111111111111111111111111111111111
0000000000111111111111111111111111111111111111111111111111111111111111111111111111111111111111111111111111111111111111111111111111111111111111111111111110
0000000000011111111111111111111111111111111111111111111111111111111111111111111111111111111111111111111111111111111111111111111111111111111111111111111100
0000000000001111111111111111111111111111111111111111111111111111111111111111111111111111111111111111111111111111111111111111111111111111111111111111111100
0000000000000111111111111111111111111111111111111111111111111111111111111111111111111111111111111111111111111111111111111111111111111111111111111111111100
0000000000000111111111111111111111111111111111111111111111111111111111111111111111111111111111111111111111111111111111111111111111111111111111111111110000
0000000000000111111111111111111111111111111111111111111111111111111111111111111111111111111111111111111111111111111111111111111111111111111111111111000000
0000000000000011111111111111111111111111111111111111111111111111111111111111111111111111111111111111111111111111111111111111111111111111111111111110000001
0000000000000001111111111111111111111111111111111111111111111111111111111111111111111111111111111111111111111111111111111111111111111011111111111110000011
0000000000000001111111111111111111111111111111111111111111111111111111111111111111111111111111111111111111111111111111111111111111111001111111111111001111
0000000000000000011111111111111111111111111111111111111111111111111111111111111111111111111111111111111111111111111111111111111111111111111111111111111111
0000000000000000011111111111111111111111111111111111111111111111111111111111111111111111111111111111111111111111111111111111111111111111111111111111111111
0000000000000000011111111111111111111111111111111111111111111111111111111111111111111111111111111111111111111111111111111101111111111111111111111111111111
0000000000000000001111111111111111111111111111111111111111111111111111111111111111111111111111111111111111111111111111111101111111111111111111111111111111
0000000000000000000111111111111111111111111111111111111111111111111111111111111111111111111111111111111111111111111111110001111111111111111111111111111111
0000000000000000000011111111111111111111111111111111111111111111111111111111111111111111111111111111111111111111111111100000111111111111111111111111111111
0000000000000000000011111111111111111111111111111111111111111111111111111111111111111111111111111111111111111111111111100000001111111111111111111111111111
0000000000000000000111111111111111111111111111111111111111111111111111111111111111111111111111111111111111111111111111100000000111111111111111111111111111
0000000000000000000111111111111111111111111111111111111111111111111111111111111111111111111111111111111111111111111111110000000111111111111111111111111111
0000000000000000000011111111111111111111111111111111111111111111111111111111111111111111111111111111111111111111111111111000001111111111111111111111111111
0000000000000000000011111111111111111111111111111111111111111111111111111111111111111111111111111111111111111111111111111000001111111111111111111111111111
0000000000000000000111111111111111111111111111111111111111111111111111111111111111111111111111111111111111111111111111110000000111111111111111111111111111
0000000000000000000111111111111111111111111111111111111111111111111111111111111111111111111111111111111111111111111111111000001111111111111111110111111111
0000000000000000000111111111111111111111111111111111111111111111111111111111111111111111111111111111111111111111111111111100001111111111111111111101111011
0000000000000000000111111111111111111111111111111111111111111111111111111111111111111111111111111111111111111111111111110000011111111100011111111100111011
0000000000000000000111111111111111111111111111111111111111111111111111111111111111111111111111111111111111111111111111110000111111111100011111111111111111
0000000000000000001111111111111111111111111111111111111111111111111111111111111111111111111111111111111111111111111111110000011111111111111111111111111111
0000000000000000001111111111111111111111111111111111111111111111111111111111111111111111111111111111111111111111111111110000011111111111111111111111111110
0000000000000000011111111111111111111111111111111111111111111111111111111111111111111111111111111111111111111111111111100000001111111111111111100000111100
0000000000000000111111111111111111111111111111111111111111111111111111111111111111111111111111111111111111111111111111110011111111001111111110000000111000
0000000000000000111111111111111111111111111111111111111111111111111111111111111111111111111111111111111111111111111111101111111111111111011000000000110000
0000000000000000111111111111111111111111111111111111111111111111111111111111111111111111111111111111111111111111111111101100011111011000000000000000000000
0000000000000000111111111111111111111111111111111111111111111111111111111111111111111111111111111111111111111111111111111100000111110000000000000000000000
0000000000000000111111111111111111111111111111111111111111111111111111111111111111111111111111111111111111111111111111111000000010000000000000000000000000
0000000001110000111111111111111111111111111111111111111111111111111111111111111111111111111111111111111111111111111111110000000000000000000000000000000000
0000000001111100111111111111111111111111111111111111111111111111111111111111111111111111111111111111111111111111111111111000000000000000000000000000000000
0000000001111111111111111111111111111111111111111111111111111111111111111111111111111111111111111111111111111111111111111000000000000000000000000000000000
0000000001111111111111111111111111111111111111111111111111111111111111111111111111111111111111111111111111111111111111000000000000000000000000000000000000
0000000001111111111111111111111111111111111111111111111111111111111111111011111111111111111111111111111111111111111111000000000000000000000000000000000000
0000000000111111111111111111111111111111111111111111111111111111111111111111111111111111111111111111111111111111111110000000000000000000000000000000000000
0000000000111111111111111111111111110111111111111111111111111111111111111111111111111111111111111111111111111111111110000000000000000000000000000000000000
0000000000111111111111111111111111000011111111111111111111111111111111111111111111111111111111111111111111111111111110000000000000000000000000000000000000
0000000000111111111111111111111111000001111111111111111111111111111111111111111111111111111111111111111111111111111110000000000000000000000000000000000000
0000000000111111111111111111111111100001111111111111111111111111111111111111111111111111111111111111111111111111111110000000000000000000000000000000000000
0000000000111111111111111111111111110001111111111111111111111111111111111111111111111111100111111111111111111111111111000000000000000000000000000000000000
0000000000001111111111111111111111111011111111111111111111111111111111111111111111111110000011111111111111111111111111000000000000000000000000000000000000
0000000000000001111111111111111111111111111111111111111111111111111111111111111111111000000001111111111111111111111111110000000000000000000000000000000000
0000000000000000111111111111111111111111111111111111111111111111111111111111110000000000000000011111111111111111111111110000000000000000000000000000000000
0000000000000000011111111111111111111111111111111111111111111111111111111111000000000000000000011111111111111111111111110000000000000000000000000000000000
0000000000000000000000000001111111111111111111111111111111111111111111111110000000000000000000011111111111111111111110110000000000000000000000000000000000
0000000000000000000000000000000000111111111111111111111111111111111111111110000000000000000000111111111111111111111110111000000000000000000000000000000000
0000000000000000000000000000000000001111111111111111111111111111111111111110000000000001000011111111111111111111111100111000000000000000000000000000000000
0000000000000000000000000000000000000001111111111111111111111111111111111111111011111111010011111111111111111000011100000000000000000000000000000000000000
0000000000000000000000000000000000000000111111111111111111111111111111111111111111111100011111110011111111110000011000000000000000000000000000000000000000
0000000000000000000000000000000000000000001111111111111111111111111111111111111111000000001111000001100111000000110000000000000000000000000000000000000000
0000000000000000000000000000000000000000000111111111111111111111111111111111111110000000001111010001100110000001110000000000000000000000000000000000000000
0000000000000000000000000000000000000000000001111111111111111111111111111111111100000000001111111111111000000000000000000000000000000000000000000000000000
0000000000000000000000000000000000000000000000111111111111111111111111111111110000000000001111111111111000000000000000000000000000000000000000000000000000
0000000000000000000000000000000000000000000000001111111111111111111111111111110000000000011111111001110000000000000000000000000000000000000000000000000000
0000000000000000000000000000000000000000000100001111111111000111111111111100000000000000011111111001100000000000000000000000000000000000000000000000000000
0000000000000000000000000000000000000000000000001111111100000000001111111100000000000000001111111111100000000000000000000000000000000000000000000000000000
0000000000000000000000000000000000000000000000000111111000000000000011111000000000000000001111111111100000000000000000000000000000000000000000000000000000
0000000000000000000000000000000000000000000000000001111000000000000011110000000000000000001111111111110000000000000000000000000000000000000000000000000000
0000000000000000000000000000000000000000000000000000001100000000000000000000000000000000000111111111110000000000000000000000000000000000000000000000000000
0000000000000000000000000000000000000000000000000000000000000000000000000000000000000000000011111001110000000000000000000000000000000000000000000000000000
0000000000000000000000000000000000000000000000000000000000000000000000000000000000000000000000000000110000000000000000000000000000000000000000000000000000
0000000000000000000000000000000000000000000000000000000000000000000000000000000000000000000000000000110000000000000000000000000000000000000000000000000000
0000000000000000000000000000000000000000000000000000000000000000000000000000000000000000000000000000011000000000000000000000000000000000000000000000000000
0000000000000000000000000000000000000000000000000000000000000000000000000000000000000000000000000000000000000000000000000000000000000000000000000000000000
0000000000000000000000000000000000000000000000000000000000000000000000000000000000000000000000000000000000000000000000000000000000000000000000000000000000
